state={
	id=10
	name="STATE_10"
	provinces ={
		76 202 339 552 573 889 1048 1073 1463 1526 1572 2056 2825 2886 3391 3415 3547 3745 4157 4806 5221 5269 5279 5515 5770 5954 5994 6025 6248 6421 7096 7420 8882 8905 8906 8909 8912 8919 8922 8924 8926 8928 8935 8937 8938 8940 8944 8955 8956 8957 8968 8974 8977 8979 8980 8983 8993 8995 8998 9011 9012 9021 9033 9034 9077 
	}
	history = {
		owner = ENG
		add_core_of = ENG
	}
	manpower=1000000
	state_category = large_town
	buildings_max_level_factor=1.000
	impassable = yes
}
