state={
	id=20
	name="STATE_20"
	provinces ={
		83 164 251 254 387 589 642 659 679 731 758 888 912 945 961 1003 1069 1132 1310 1356 1374 1382 1423 1505 1598 1669 1731 1811 2014 2097 2244 2383 2482 2512 2569 2581 2606 2649 2673 2681 2729 2732 2800 2818 2840 3096 3189 3308 3595 3819 3977 4028 4176 4328 4420 4442 4826 4856 4863 5056 5175 5443 5588 5885 6658 6752 7490 7609 7761 7952 8102 8127 8213 8275 8430 8483 8889 8890 8891 8914 8962 8964 8970 9007 9019 9023 9024 9026 9039 9068 9094 9100 9105 9111 9169 9178 9215 9228 9318 
	}
	history = {
		owner = GER
		add_core_of = GER
	}
	manpower=1000000
	state_category = large_town
	buildings_max_level_factor=1.000
	impassable = yes
}
