state={
	id=21
	name="STATE_21"
	provinces ={
		13 60 87 93 112 155 174 205 334 368 395 469 476 547 576 618 882 886 922 950 1060 1128 1170 1199 1256 1315 1372 1407 1514 1651 1686 1692 1695 1696 1727 1737 1953 1984 2325 2410 2511 2754 2983 3101 3133 3226 3238 3341 3481 3649 3685 3902 3950 3965 4000 4063 4131 4171 4405 4501 4698 5014 5103 5115 5223 5357 5397 5852 5956 6114 6154 6492 6631 6636 6844 7192 7407 7450 7655 7798 7825 7884 8155 8166 8193 8337 8571 8582 8892 8893 8894 8917 8920 8943 8948 8994 9009 9028 9091 9113 9117 9122 9164 9172 9216 9307 9313 9314 9323 9366 9393 9436 9437 9468 9527 9585 9757 9772 
	}
	history = {
		owner = GER
		add_core_of = GER
	}
	manpower=1000000
	state_category = large_town
	buildings_max_level_factor=1.000
	impassable = yes
}
