state={
	id=29
	name="STATE_29"
	provinces ={
		5 42 229 358 924 926 930 1064 1220 1483 1903 2119 2319 2815 3496 3588 3659 4187 4761 4908 5400 5447 5486 6076 6338 6554 6557 6649 6950 7080 7469 7526 7592 7877 7890 8538 8915 8945 8950 8951 8958 8963 8967 8975 8984 8991 8996 8999 9006 9010 9027 9036 9046 9072 9084 9086 9099 9137 9139 
	}
	history = {
		owner = BEL
		add_core_of = BEL
	}
	manpower=1000000
	state_category = large_town
	buildings_max_level_factor=1.000
	impassable = yes
}
