
state={
	id=33
	name="STATE_33"
	provinces ={
		217 277 382 506 541 584 759 1299 1400 1558 1563 1607 1611 1677 1793 1944 2089 2130 2152 2297 2502 2665 2713 2720 3087 3408 3476 3486 3740 3752 3898 3980 4079 4145 4250 4344 4660 4781 4796 5031 5094 5138 5349 5441 5473 5562 6110 6129 6141 6671 6881 6938 7278 7379 7472 7480 7550 8044 8199 8801 8971 8986 8988 8997 9002 9013 9029 9040 9044 9048 9065 9069 9078 9095 9102 9118 9125 9140 9160 9161 9180 9182 9189 9195 9200 9217 9231 9235 9246 9254 9257 9276 9304 9308 9343 9355 9358 9377 9382 9389 9396 9399 9418 19421 
	}
	history = {
		owner = ENG
		add_core_of = ENG
	}
	manpower=1000000
	state_category = large_town
	buildings_max_level_factor=1.000
	impassable = yes
}
