state={
	id=359
	name="STATE_359"
	provinces ={
		7 310 535 568 1160 1178 1261 1289 1345 1455 1475 1502 2088 2093 2259 2312 2566 2629 2843 2895 3111 3421 3761 3763 3848 4009 4271 4357 4649 5757 6038 6090 6180 6310 6801 6960 7070 7168 7304 7516 7907 8389 15263 15298 15315 15346 15377 15378 15487 15499 15536 15547 15582 15583 15646 15680 15728 15786 15790 16011 
	}
	history = {
		owner = ITA
		add_core_of = ITA
	}
	manpower=1000000
	state_category = large_town
	buildings_max_level_factor=1.000
	impassable = yes
}
