state={
	id=399
	name="STATE_399"
	provinces ={
		124 186 191 383 410 571 739 974 1095 1130 1219 1312 1919 1994 2085 2154 2251 2326 3015 3113 3311 3328 3587 3703 3933 4112 4383 4683 4990 5584 5907 5958 6068 6924 7267 7281 7326 7352 7585 8103 8294 8410 8657 8797 16034 16035 16127 16128 16144 16187 16188 16205 16216 16221 16242 16301 16311 16362 16436 16479 16496 16506 16520 16527 16537 16603 16655 
	}
	history = {
		owner = ITA
		add_core_of = ITA
	}
	manpower=1000000
	state_category = large_town
	buildings_max_level_factor=1.000
	impassable = yes
}
