state={
	id=42
	name="STATE_42"
	provinces ={
		46 47 54 57 94 100 142 204 226 275 289 299 376 407 449 487 516 533 601 612 650 712 839 1029 1063 1096 1141 1249 1285 1295 1309 1317 1326 1349 1365 1403 1413 1442 1516 1594 1679 1821 1933 2030 2082 2112 2120 2216 2384 2495 2564 2742 2923 2954 2956 3092 3216 3228 3307 3334 3643 3673 3729 3741 4042 4192 4193 4274 4367 4411 4533 4550 4997 5386 5554 5913 5922 5980 6017 6145 6280 6299 6331 6403 6539 6544 6646 7106 7123 7436 7454 7631 7760 8270 8339 8405 8526 8775 9275 9344 9472 9481 9507 9535 9612 9633 9697 9755 9845 9902 9905 9909 9926 9949 9978 10015 10102 10107 10190 10214 10256 10284 10319 10327 10352 10382 10396 10397 10429 10438 10476 10489 10490 10531 10571 
	}
	history = {
		owner = GER
		add_core_of = GER
	}
	manpower=1000000
	state_category = large_town
	buildings_max_level_factor=1.000
	impassable = yes
}
