state={
	id=450
	name="STATE_450"
	provinces ={
		91 140 479 486 671 1109 1113 1322 1329 1509 1736 1931 1972 1979 2303 2354 2492 2906 3021 3140 3146 3452 3690 3895 4033 4378 4593 4869 5036 5208 5384 5411 5581 5619 5654 6041 6105 6454 6472 6661 6677 6698 6782 6921 8185 8400 8546 8745 8783 17270 17283 17293 17305 17312 17321 17369 17374 17391 17397 17403 17410 17420 17433 17434 17435 17436 17461 17466 17481 17487 17504 17519 17530 17531 17546 17553 17573 17587 17747 
	}
	history = {
		owner = SPR
		add_core_of = SPR
	}
	manpower=1000000
	state_category = large_town
	buildings_max_level_factor=1.000
	impassable = yes
}
