
state={
	id=458
	name="STATE_458"
	provinces ={
		216 274 507 678 693 714 1216 1561 1913 2021 2109 2823 2914 3090 3500 3585 3622 3823 4957 5006 6563 6776 6833 7045 7533 7612 7739 7891 7979 8159 8168 8830 17392 17393 17411 17442 17447 17462 17467 17475 17488 17495 17496 17508 17515 17532 17554 17555 17567 17568 17574 17605 17619 17620 17628 17636 17658 17659 17672 17683 17697 17717 17734 17799 17807 18763 
	}
	history = {
		owner = SPR
		add_core_of = SPR
	}
	manpower=1000000
	state_category = large_town
	buildings_max_level_factor=1.000
	impassable = yes
}
