state={
	id=470
	name="STATE_470"
	provinces ={
		158 434 481 529 570 761 836 851 1066 1182 1379 1521 1752 1961 2061 2181 2214 2239 2263 2434 2624 2634 2648 2828 2844 2887 3348 3532 3969 3978 4476 4483 4853 4939 5393 6756 6817 6852 6880 8033 8669 8716 8875 17755 17788 17834 17837 17849 17853 17861 17879 17885 17887 17895 17899 17902 17910 17916 17920 17921 17965 17972 18022 18043 18082 18102 18111 18128 18131 18232 
	}
	history = {
		owner = SPR
		add_core_of = SPR
	}
	manpower=1000000
	state_category = large_town
	buildings_max_level_factor=1.000
	impassable = yes
}
