
state={
	id=472
	name="STATE_472"
	provinces ={
		29 35 58 264 578 879 996 998 1072 1180 1351 1383 1473 1479 1498 1591 1694 1796 1957 2180 2231 2282 2491 2700 2781 2854 2863 2922 2962 3443 3608 3684 3748 3756 4006 4076 4744 5723 7297 7348 7410 7440 8371 8388 8516 17868 17893 17906 17999 18012 18041 18042 18052 18062 18074 18092 18162 18203 18764 
	}
	history = {
		owner = SPR
		add_core_of = SPR
	}
	manpower=1000000
	state_category = large_town
	buildings_max_level_factor=1.000
	impassable = yes
}
