state={
	id=474
	name="STATE_474"
	provinces ={
		41 69 122 125 148 152 301 377 379 471 633 824 859 863 969 979 1153 1158 1264 1508 1556 1795 2053 2133 2853 2921 3035 3265 3490 3751 3887 3955 4332 4646 4897 5002 5240 5450 5714 6283 6489 6823 7058 7163 7508 8238 8502 8558 17727 17869 17894 17995 18036 18116 18140 18222 18228 18238 18285 18317 
	}
	history = {
		owner = SPR
		add_core_of = SPR
	}
	manpower=1000000
	state_category = large_town
	buildings_max_level_factor=1.000
	impassable = yes
}
