state={
	id=486
	name="STATE_486"
	provinces ={
		147 172 247 332 394 442 634 705 717 848 956 1157 1208 1314 1531 1602 1687 1761 1809 1868 1973 2002 2165 2258 2513 2532 2549 2980 3175 3268 3519 3662 4082 4526 4910 5001 5080 5183 5403 5711 5901 6142 6307 6546 6611 6642 6773 6794 6847 6851 6888 6910 7384 7476 7793 7809 7999 8069 8164 8358 8366 8440 17922 17952 17973 17978 17980 17996 18002 18005 18013 18023 18031 18053 18057 18058 18060 18061 18072 18078 18085 18086 18173 18174 18199 18206 18229 18271 18278 18287 18297 18310 18338 18362 
	}
	history = {
		owner = SPR
		add_core_of = SPR
	}
	manpower=1000000
	state_category = large_town
	buildings_max_level_factor=1.000
	impassable = yes
}
