state={
	id=489
	name="STATE_489"
	provinces ={
		92 165 267 328 338 372 588 667 856 1056 1065 1340 1371 1420 1470 1520 1575 1844 1902 1934 1943 2124 2150 2197 2208 2398 2573 2660 2743 2855 3119 3469 3638 4219 4680 4702 4834 5072 5167 5603 5663 5665 6241 6247 6271 6288 6367 6391 7033 7272 7514 7540 7794 8215 8309 8315 8668 8806 17962 17985 17997 18009 18024 18034 18037 18044 18054 18069 18079 18095 18096 18112 18114 18123 18126 18130 18132 18141 18168 18188 18210 18246 18261 18279 18284 18294 18311 18318 
	}
	history = {
		owner = SPR
		add_core_of = SPR
	}
	manpower=1000000
	state_category = large_town
	buildings_max_level_factor=1.000
	impassable = yes
}
