state={
	id=492
	name="STATE_492"
	provinces ={
		44 52 101 207 411 458 549 550 715 844 1043 1046 1100 1341 1482 1781 1894 1960 2094 2156 2169 2192 2413 2415 2444 2670 2760 2837 2866 2934 3502 3715 3758 4327 4395 4570 4575 4801 4846 4977 5007 5033 5073 5586 5646 5935 6162 6320 6754 6965 7698 8039 8766 18121 18220 18245 18256 18286 18300 18324 18334 18348 18351 18353 18367 18375 18377 18391 
	}
	history = {
		owner = SPR
		add_core_of = SPR
	}
	manpower=1000000
	state_category = large_town
	buildings_max_level_factor=1.000
	impassable = yes
}
