state={
	id=502
	name="STATE_502"
	provinces ={
		366 537 540 641 660 743 958 1179 1292 1666 1708 1951 2127 2431 2603 2764 2778 2839 2978 3067 3395 3503 3744 3964 4008 4050 4158 4197 4630 4756 4813 4886 4955 5277 5354 5993 6116 6334 6519 6989 7118 7853 18122 18129 18133 18135 18139 18145 18146 18147 18148 18154 18157 18158 18160 18163 18167 18169 18172 18175 18177 18180 18182 18184 18186 18194 18198 18200 18214 18216 18219 18230 18235 18236 18264 18273 18277 18280 18282 18295 18299 
	}
	history = {
		owner = SPR
		add_core_of = SPR
	}
	manpower=1000000
	state_category = large_town
	buildings_max_level_factor=1.000
	impassable = yes
}
