state={
	id=505
	name="STATE_505"
	provinces ={
		11 108 201 250 397 499 1045 1098 1305 1641 1644 1930 2029 2345 2824 2890 3050 3346 3784 3805 3891 4291 4830 5155 5326 6264 6777 6842 7209 7577 7725 7916 8141 8219 8776 18176 18197 18213 18253 18267 18288 18305 18306 18312 18313 18314 18319 18325 18326 18331 18340 18349 18354 18357 18360 18368 18369 18372 18378 18382 
	}
	history = {
		owner = SPR
		add_core_of = SPR
	}
	manpower=1000000
	state_category = large_town
	buildings_max_level_factor=1.000
	impassable = yes
}
