state={
	id=52
	name="STATE_52"
	provinces ={
		65 206 770 937 955 1559 1832 2026 2657 2795 3258 3290 3435 3463 3648 3669 3779 3826 3961 4319 5267 5772 5894 6900 6902 7338 7452 7782 7791 8292 8416 8494 8650 9198 9209 9212 9253 9256 9265 9274 9280 9284 9302 9303 9306 9321 9330 9342 9353 9354 9361 9363 9369 9379 9404 9480 9498 9538 9573 
	}
	history = {
		owner = BEL
		add_core_of = BEL
	}
	manpower=1000000
	state_category = large_town
	buildings_max_level_factor=1.000
	impassable = yes
}
