
state={
	id=59
	name="STATE_59"
	provinces ={
		70 80 183 233 245 256 363 374 399 404 431 437 492 569 622 637 661 662 802 927 1000 1068 1144 1187 1213 1237 1298 1318 1323 1503 1569 1581 1608 1657 1719 1753 1997 2041 2060 2080 2106 2162 2182 2193 2223 2277 2353 2458 2479 2531 2574 2584 2789 2804 2872 3011 3186 3236 3256 3301 3321 3340 3405 3541 3560 3796 4067 4335 4364 4459 4505 4799 4809 4850 4933 5563 5609 5743 5906 5908 5982 6282 6327 6410 6569 6592 6927 7086 7863 7865 7948 8063 8184 8217 8305 8333 8372 8436 8437 8505 9380 9388 9442 9476 9494 9541 9561 9569 9631 9634 9700 9735 9773 9806 9837 9892 10158 10303 10357 10398 10920 11049 11195 11289 11978 12151 12493 12645 12853 
	}
	history = {
		owner = GER
		add_core_of = GER
	}
	resources = {
        steel = 4000
    }
	manpower=1000000
	state_category = large_town
	buildings_max_level_factor=1.000
	impassable = yes
}
