1 138
1 482
1 734
1 892
1 902
1 1367
1 1546
1 1624
1 1667
1 1885
1 1917
1 1947
1 2292
1 2527
1 2597
1 3262
1 3272
1 3357
1 3425
1 3470
1 3607
1 3660
1 3754
1 3806
1 3874
1 4218
1 4491
1 4817
1 5300
1 5472
1 5514
1 5691
1 6525
1 6624
1 6849
1 7035
1 7302
1 7414
1 8200
1 8265
1 8318
1 8370
1 9249
1 9962
1 10076
1 10620
1 10776
1 11008
1 11639
1 11949
1 12022
1 12145
1 12385
1 12978
1 13089
1 13134
1 13274
1 13306
1 14070
1 14254
1 14429
1 14610
1 15088
1 15281
1 15551
1 15887
1 16563
1 16802
1 17211
1 17383
1 17772
1 18004
1 18006
