1;2692.00;9.50;1923.00;big
1;2757.00;9.50;1991.00;big
2;2508.00;9.50;1718.00;big
2;2506.00;9.50;1649.00;big
3;2352.00;9.50;1647.00;big
3;2439.00;9.50;1669.00;big
4;2571.00;9.50;1709.00;big
4;2628.00;9.50;1774.00;big
5;2695.00;9.50;1786.00;big
5;2710.00;9.50;1828.00;big
6;2239.00;9.50;1703.00;big
6;2286.00;9.50;1690.00;big
7;3041.00;9.50;2035.00;big
7;3004.69;9.50;2042.55;big
8;2906.00;9.50;2021.00;big
8;2867.00;9.50;1998.00;big
9;2655.00;9.50;2039.00;big
9;2683.40;9.50;2039.90;big
10;2291.00;9.50;1478.00;big
10;2246.00;9.50;1490.00;big
11;2245.00;9.50;1661.00;big
11;2280.00;9.50;1566.00;big
12;2231.00;9.50;1596.00;big
12;2174.00;9.50;1645.00;big
13;2189.00;9.50;1489.00;big
13;2109.00;9.50;1556.00;big
14;1933.00;9.50;1481.00;big
14;2007.00;9.50;1539.00;big
15;1893.00;9.50;1363.00;big
15;1810.00;9.50;1452.00;big
16;2565.00;9.50;1872.00;big
16;2619.00;9.50;1925.00;big
17;2474.00;9.50;1862.00;big
17;2427.00;9.50;1878.00;big
18;2278.00;9.50;1881.00;big
18;2366.00;9.50;1906.00;big
19;2152.00;9.50;1857.00;big
19;2209.00;9.50;1858.00;big
20;2090.00;9.50;1814.00;big
20;2011.00;9.50;1760.00;big
21;1764.00;9.50;1718.00;big
21;1887.00;9.50;1738.00;big
22;1781.00;9.50;1802.00;big
22;1834.00;9.50;1905.00;big
23;1866.00;9.50;1976.00;big
23;1959.00;9.50;2031.00;big
24;2027.00;9.50;2022.00;big
24;2104.00;9.50;2023.00;big
25;2101.00;9.50;1734.00;big
25;2065.00;9.50;1639.00;big
26;2423.00;9.50;1764.00;big
26;2274.00;9.50;1775.00;big
27;2643.00;9.50;1862.00;big
27;2526.00;9.50;1796.00;big
28;1932.00;9.50;1630.00;big
28;1808.00;9.50;1567.00;big
29;1963.00;9.50;1286.00;big
29;1878.00;9.50;1270.00;big
30;2080.00;9.50;1246.00;big
30;2022.00;9.50;1212.00;big
31;2122.00;9.50;1220.00;big
31;2168.00;9.50;1209.00;big
32;2232.00;9.50;1137.00;big
32;2155.00;9.50;1127.00;big
33;2269.00;9.50;1012.00;big
33;2233.00;9.50;1053.00;big
34;2301.00;9.50;975.00;big
34;2339.00;9.50;990.00;big
35;2283.00;9.50;930.00;big
35;2347.00;9.50;942.00;big
36;2326.00;9.50;781.00;big
36;2380.00;9.50;852.00;big
37;2303.00;9.50;656.00;big
37;2323.00;9.50;697.00;big
38;2317.00;9.50;615.00;big
38;2280.00;9.50;547.00;big
39;2279.00;9.50;458.00;big
39;2211.00;9.50;505.00;big
40;2094.00;9.50;466.00;big
40;2157.00;9.50;494.00;big
41;1714.00;9.50;498.00;big
41;1933.00;9.50;509.00;big
42;2082.00;9.50;658.00;big
42;2192.00;9.50;819.00;big
43;1882.00;9.50;629.00;big
43;1702.00;9.50;722.00;big
44;2077.00;9.50;1110.00;big
44;2147.00;9.50;952.00;big
45;1923.00;9.50;1005.00;big
45;1744.00;9.50;1102.00;big
46;1689.00;9.50;1369.00;big
46;1718.00;9.50;1603.00;big
47;1662.00;9.50;1836.00;big
47;1708.00;9.50;1967.00;big
48;2937.00;9.50;307.00;big
48;3004.00;9.50;249.00;big
49;2987.00;9.50;353.00;big
49;2976.00;9.50;402.00;big
50;3054.00;9.50;409.00;big
50;3059.00;9.50;358.00;big
51;3185.00;9.50;413.00;big
51;3112.00;9.50;433.00;big
52;3267.00;9.50;397.00;big
52;3196.00;9.50;362.00;big
53;3374.00;9.50;355.00;big
53;3294.00;9.50;366.00;big
54;3429.00;9.50;413.00;big
54;3472.00;9.50;421.00;big
55;3499.00;9.50;453.00;big
55;3524.00;9.50;502.00;big
56;3607.00;9.50;538.00;big
56;3722.00;9.50;588.00;big
57;3849.00;9.50;533.00;big
57;3900.00;9.50;439.00;big
58;3947.00;9.50;302.00;big
58;3860.00;9.50;363.00;big
59;3713.00;9.50;356.00;big
59;3625.00;9.50;319.00;big
60;3817.00;9.50;344.00;big
60;3822.00;9.50;392.00;big
61;3850.00;9.50;247.00;big
61;3800.00;9.50;196.00;big
62;3656.00;9.50;44.00;big
62;3789.00;9.50;56.00;big
63;3630.00;9.50;190.00;big
63;3626.00;9.50;141.00;big
64;2859.00;9.50;52.00;big
64;2715.00;9.50;22.00;big
65;2987.00;9.50;131.00;big
65;2973.00;9.50;214.00;big
66;3242.00;9.50;208.00;big
66;3109.00;9.50;242.00;big
67;3199.00;9.50;68.00;big
67;3053.00;9.50;67.00;big
68;3531.00;9.50;79.00;big
68;3382.00;9.50;82.00;big
69;3525.00;9.50;331.00;big
69;3412.00;9.50;233.00;big
70;3715.00;9.50;487.00;big
70;3640.00;9.50;440.00;big
71;3929.00;9.50;84.00;big
71;3948.00;9.50;203.00;big
72;4868.00;9.50;1041.00;big
72;757.00;9.50;1102.00;big
73;2698.00;9.70;1687.00;big
73;2605.00;9.70;1661.00;big
74;2702.00;9.70;1576.00;big
74;2620.00;9.70;1545.00;big
75;2517.00;9.70;1560.00;big
75;2426.00;9.70;1549.00;big
76;2311.00;9.70;1623.00;big
76;2343.00;9.70;1496.00;big
77;2574.00;9.70;1452.00;big
77;2469.00;9.75;1471.00;big
78;2229.00;9.70;1579.00;big
78;2173.00;9.70;1635.00;big
79;2276.00;9.70;1327.00;big
79;2313.00;9.70;1403.00;big
80;2185.00;9.70;1413.00;big
80;2082.00;9.90;1426.00;big
81;1961.00;9.70;1425.00;big
81;1988.00;9.70;1337.00;big
82;2187.00;9.70;1287.00;big
82;2096.00;9.70;1314.00;big
84;2293.00;9.70;1082.00;big
84;2379.00;9.70;1064.00;big
85;2451.00;9.70;835.00;big
85;2408.00;9.70;934.00;big
87;2446.00;9.70;1398.00;big
87;2414.00;9.70;1330.00;big
88;2567.00;9.70;1358.00;big
88;2519.00;9.70;1304.00;big
89;2869.00;9.70;1709.00;big
89;2774.00;9.70;1754.00;big
90;2881.00;9.70;1611.00;big
90;2790.00;9.70;1626.00;big
91;3003.00;9.70;1685.00;big
91;2968.00;9.70;1583.00;big
92;2989.00;9.70;1790.00;big
92;2863.00;9.70;1903.00;big
93;2869.00;9.70;1815.00;big
93;2775.00;9.70;1872.00;big
94;3120.00;9.73;1683.00;big
94;3161.00;9.70;1633.00;big
95;3037.00;9.80;1530.00;big
95;3125.00;9.70;1521.00;big
96;3038.00;9.70;1402.00;big
96;3107.00;9.70;1382.00;big
97;3195.00;10.18;1399.00;big
97;3232.00;10.25;1310.00;big
98;3235.00;10.23;1486.00;big
98;3235.00;9.75;1583.00;big
99;3358.00;9.93;1456.00;big
99;3298.00;9.70;1585.00;big
100;3439.00;9.80;1510.00;big
100;3357.00;9.70;1576.00;big
101;3546.00;9.70;1506.00;big
101;3513.00;10.00;1420.00;big
102;3316.00;10.32;1372.00;big
102;3408.00;10.48;1367.00;big
103;3490.00;9.95;1261.00;big
103;3486.00;11.05;1333.00;big
104;3455.00;10.38;1237.00;big
104;3442.00;10.30;1266.00;big
105;3370.00;10.15;1274.00;big
105;3290.00;9.78;1243.00;big
106;3340.00;11.32;1139.00;big
106;3399.00;10.93;1199.00;big
107;2463.00;9.70;679.00;big
107;2396.00;9.70;756.00;big
108;2459.00;9.70;555.00;big
108;2367.00;9.70;552.00;big
109;2457.00;9.85;422.00;big
109;2367.00;9.70;427.00;big
110;2532.00;16.65;354.00;big
110;2539.00;10.07;418.00;big
111;2709.00;9.70;476.00;big
111;2624.00;10.38;405.00;big
112;2533.00;9.70;514.00;big
112;2605.00;9.70;492.00;big
113;2686.00;11.57;368.00;big
113;2742.00;14.07;344.00;big
114;2817.00;12.10;290.00;big
114;2883.00;9.70;310.00;big
115;2806.00;9.70;394.00;big
115;2887.00;9.93;389.00;big
116;3016.00;9.70;499.00;big
116;2922.00;9.88;469.00;big
117;3047.00;9.75;576.00;big
117;3107.00;9.70;543.00;big
118;3155.00;9.70;491.00;big
118;3242.00;9.70;466.00;big
119;3319.00;10.45;430.00;big
119;3382.00;9.85;475.00;big
120;3475.00;13.68;568.00;big
120;3451.00;12.13;510.00;big
121;3738.00;10.70;296.00;big
121;3761.00;11.15;224.00;big
122;3737.00;11.38;139.00;big
122;3703.00;11.48;206.00;big
123;3618.00;9.50;18.00;big
123;3748.00;9.75;26.00;big
124;3381.00;13.28;591.00;big
124;3307.00;11.07;561.00;big
125;3392.00;14.13;706.00;big
125;3314.00;12.45;663.00;big
126;3406.00;15.40;825.00;big
126;3319.00;11.18;861.00;big
127;3335.00;10.60;922.00;big
127;3405.00;12.98;951.00;big
128;3284.00;10.78;1041.00;big
128;3273.00;9.70;1131.00;big
129;3264.00;11.95;943.00;big
129;3191.00;9.80;976.00;big
130;2478.00;9.70;994.00;big
130;2469.00;9.70;1094.00;big
131;2515.00;9.70;852.00;big
131;2570.00;9.70;912.00;big
132;2599.00;9.70;735.00;big
132;2631.00;9.70;811.00;big
133;2605.00;9.70;650.00;big
133;2553.00;9.70;606.00;big
134;2783.00;9.70;548.00;big
134;2830.00;10.80;495.00;big
135;2726.00;9.70;585.00;big
135;2657.00;9.70;574.00;big
136;2752.00;10.15;704.00;big
136;2706.00;9.70;650.00;big
137;2854.00;11.00;644.00;big
137;2907.00;10.88;567.00;big
138;2967.00;12.80;684.00;big
138;3007.00;11.73;628.00;big
139;3136.00;11.18;742.00;big
139;3086.00;11.03;672.00;big
140;3237.00;9.85;538.00;big
140;3182.00;9.70;575.00;big
141;3193.00;9.70;747.00;big
141;3217.00;11.88;658.00;big
142;3295.00;10.45;759.00;big
142;3223.00;11.00;838.00;big
143;3143.00;10.18;883.00;big
143;3126.00;11.03;946.00;big
144;3057.00;10.30;926.00;big
144;3088.00;10.70;840.00;big
145;3060.00;12.60;765.00;big
145;2989.00;11.20;776.00;big
146;2902.00;12.73;773.00;big
146;2834.00;11.05;734.00;big
147;2805.00;11.20;842.00;big
147;2740.00;10.40;796.00;big
148;2893.00;11.70;900.00;big
148;2974.00;11.28;871.00;big
149;2756.00;10.68;979.00;big
149;2810.00;10.95;937.00;big
150;2684.00;10.32;882.00;big
150;2672.00;9.80;966.00;big
151;2588.00;9.70;1016.00;big
151;2557.00;9.70;1095.00;big
152;2694.00;9.70;1067.00;big
152;2752.00;9.70;1110.00;big
153;2632.00;9.70;1152.00;big
153;2591.00;9.70;1215.00;big
154;2984.00;9.90;1010.00;big
154;2893.00;9.80;1025.00;big
155;3080.00;10.00;1060.00;big
155;3171.00;9.70;1077.00;big
156;3176.00;10.88;1186.00;big
156;3122.00;10.25;1266.00;big
157;2844.00;9.90;1189.00;big
157;2857.00;9.70;1096.00;big
158;3008.00;9.85;1131.00;big
158;2952.00;9.95;1194.00;big
159;3023.00;9.70;1264.00;big
159;2961.00;9.70;1341.00;big
160;2670.00;9.70;1292.00;big
160;2738.00;9.70;1221.00;big
161;2709.00;9.70;1381.00;big
161;2685.00;9.70;1452.00;big
162;2879.00;9.70;1298.00;big
162;2789.00;9.70;1329.00;big
163;2913.00;9.70;1495.00;big
163;2894.00;9.70;1413.00;big
164;2798.00;9.70;1416.00;big
164;2824.00;9.70;1460.00;big
165;2765.00;9.70;1466.00;big
165;2754.00;9.70;1520.00;big
166;2776.00;9.70;1562.00;big
166;2830.00;9.70;1547.00;big
167;2829.00;9.70;1494.00;big
167;2809.00;9.70;1509.00;big
168;2856.00;9.70;1505.00;big
168;2845.00;9.70;1515.00;big
169;2852.00;9.70;1485.00;big
169;2847.00;9.70;1493.00;big
170;2832.00;9.70;1504.00;big
170;2818.00;9.70;1505.00;big
171;2533.00;9.70;1936.00;big
171;2584.00;9.70;1939.00;big
172;3331.00;10.03;1662.00;big
172;3316.00;10.53;1726.00;big
173;3830.00;12.60;1174.00;big
173;3943.00;14.50;1176.00;big
174;2334.00;9.70;1895.00;big
174;2346.00;9.70;1957.00;big
175;2415.00;9.70;1918.00;big
175;2473.00;9.70;1942.00;big
176;2653.00;9.70;1991.00;big
176;2583.00;9.70;2009.00;big
177;3720.00;12.00;1116.00;big
177;3456.00;11.45;1084.00;big
178;2509.00;9.70;2011.00;big
178;2428.00;9.70;2009.00;big
179;2299.00;9.70;2014.00;big
179;2236.00;9.70;2004.00;big
180;3987.00;25.50;981.00;big
180;1644.00;25.50;1196.00;big
182;3567.00;9.70;786.00;big
182;3487.00;15.38;662.00;big
183;3730.00;10.35;642.00;big
183;3583.00;10.50;573.00;big
184;3745.00;9.70;798.00;big
184;3734.00;9.50;911.00;big
185;3821.00;11.98;703.00;big
185;3929.00;10.88;662.00;big
186;3933.00;9.70;829.00;big
186;3938.00;17.88;957.00;big
187;3829.00;15.93;940.00;big
187;3925.00;16.98;1061.00;big
188;3938.00;9.70;415.00;big
188;3878.00;10.68;572.00;big
189;2876.00;9.70;188.00;big
189;2685.00;10.48;190.00;big
190;2385.00;11.00;96.00;big
190;2492.00;12.70;291.00;big
191;2279.00;10.25;270.00;big
191;2316.00;11.43;366.00;big
192;2142.00;11.10;261.00;big
192;2230.00;11.43;241.00;big
193;2207.00;10.70;410.00;big
193;2122.00;9.70;424.00;big
194;2021.00;9.78;437.00;big
194;1940.00;10.45;422.00;big
195;1703.00;9.70;456.00;big
195;1814.00;9.70;444.00;big
196;2039.00;12.50;194.00;big
196;1786.00;11.60;184.00;big
197;2227.00;13.73;7.00;big
197;2112.00;12.30;19.00;big
198;2037.00;12.78;20.00;big
198;2004.00;13.55;6.00;big
199;2919.00;9.70;1960.00;big
199;3127.00;9.70;1985.00;big
200;3096.59;9.70;1922.89;big
200;3105.70;9.70;1912.31;big
201;3230.00;10.48;1736.00;big
201;3072.00;9.70;1822.00;big
202;3092.00;9.70;2040.00;big
202;3021.82;9.70;2018.43;big
203;3221.57;9.70;2031.27;big
203;3267.84;9.70;2031.27;big
204;3295.00;9.70;1938.00;big
204;3313.00;9.70;2011.00;big
205;3415.00;9.70;1616.00;big
205;3469.00;10.10;1599.00;big
206;3482.00;10.45;1751.00;big
206;3558.00;10.50;1601.00;big
207;3587.00;10.43;1976.00;big
207;3411.00;9.70;1949.00;big
208;3770.00;9.95;1517.00;big
208;3621.00;10.95;1390.00;big
209;3911.00;11.13;1354.00;big
209;3885.00;9.70;1706.00;big
210;3684.00;9.70;1804.00;big
210;3772.00;9.73;1965.00;big
211;3919.00;10.73;1882.00;big
211;3934.00;9.70;2002.00;big
212;1895.00;9.73;1847.00;big
212;1811.00;9.70;1784.00;big
213;2018.00;9.70;1869.00;big
213;1962.00;9.70;1954.00;big
214;2056.00;9.70;1990.00;big
214;2138.00;9.70;2001.00;big
215;2233.00;9.70;1905.00;big
215;2161.00;9.70;1893.00;big
